1110101100101110001001101010100001111100010010100100111111110010 000000010000000000000000010000000000100000100000000000000000100000001000
0100111011001100001011100000111001111110101101001011111001001110 000000110000000100000000000000000000000000000000000000000000000000000000
1111111010011111111101110110111000011010011000010001010100000100 000000000000000000001000000000000000000000000000000000000000000011010000
1000001110100011010011111011111001001000101011100000010011000100 000000000000000001000000000000000000001000000000000000000000000000000000
0101010111100011011110010001000111101101101001000110111111001101 000000000000000000000010000000100000000000000000001000000000000000000000
0010101011101100001110011111100111110111101101111110001001110100 000000010000001000000001000000000000000000000000000000100000000000000000
0100101001111011110000000101100101001000111111100111100011101000 001000000011010000000000000000000000000000000000000000000000000001000000
0001101111110111111000111110101001111110001100101000011111110011 001000000000000000000000000000000000000000000000000000000000000000000000
1001100101111110011110011101011100101010111000011110101001001000 000000000110000000000000100000000000000000000000000000000011000000000000
0011100011111001110000000000010001110100101110110000110010011000 000000000000000000000000100000000010000000000000010000000000000000000010
1000111100101011100001011010011101011000110100000001001000001111 000000000000000000000000000000000000000000000000000000000000000000000000
