Indiana
523331517,1858272646,584155163,689903566,1954772476,816047832,921569190,833498707,1272948775,1603482652,1141977574,99837512
90691012,816047832,99837512,1954772476,1272948775,471142893,2099347670,921569190,584155163,813077502,402218185,1141977574
790540125,584155163,813077502
790540125,833897506
1609291309,584155163
1174258525,1609291309
584155163,816047832,2099347670,1174258525,1583012139,90691012,523331517,1858272646
1858272646,1141977574,833498707,1954772476,1609291309,1174258525,833897506
99837512,1603482652,833498707,790540125,813077502,816047832,402218185,689903566,1609291309,1272948775
503146959,921569190,99837512,1272948775,259020040,833897506,1583012139,1174258525,471142893,402218185,1141977574
1141977574,921569190,503146959,1999339477
90691012,833897506,259020040,1999339477,813077502,523331517,1463932789
921569190
833498707,1141977574,813077502
1609291309,921569190,503146959,523331517,90691012,1463932789,816047832,1999339477,1603482652,1583012139
523331517,1272948775,833498707,1603482652,1999339477,471142893,816047832,1141977574,503146959,402218185,1954772476,99837512
90691012,402218185,259020040
Ohio
481822692
135401646,208991257,1483814582,1704602053,2031307778,346111778,1566808136,1433855830,2094444822,1888878604,235819906,1186265279,1455040741,1486491794
531376815,49979757,1681914562,1186265279,208991257,2067184014,346111778,1222041689,805177849,1483814582,746270509,1469208339,481822692,1178664143,1075939405,1566808136
810754368,235819906,49979757,346111778,1483814582,1075939405,1339905674,1186265279,1461978258
1178664143
Illinois
1025715419,339046248,1363873501,1288069770,210490141,1750772363,665477045,209714697,679441263,587495883,874688214,1196550319,1889947047,765677776,1997208356
679441263
765677776,874688214,1602904759,111632539,841611297,1167545129,1997208356,665477045,339046248,2099480850
1997208356,841611297,205834756,579058647,1987040772,874688214,339046248,1889947047,1634083786,1612759149,1929187525,111632539,665477045,1402918382
579058647,1602904759,2073415292,587495883,1291802359
339046248,765677776,1889947047,1196550319
1402918382,1612030368,2073415292,1025715419,1602904759,1167545129
1363873501,1634945863,1750772363,1288069770,587495883,1167545129,1196550319,339046248,1612030368,2099480850,1402918382,841611297,209714697,874688214,1929187525,765677776,1731189642