Oregon
1993905635,1411515903,480798707
1411515903,1713082950
Arizona
1766499956,1868480075
1766499956,1874817809,1868480075
333089619
1629908949,127312570,1868480075,1874817809,1968278576,1766499956,333089619
127312570,333089619,1173583210,919772877,1968278576,1105768793
1766499956,1105768793,1968278576,1020817936,1874817809,2125624660,333089619
333089619,1874817809
1020817936
1874817809,1105768793,2125624660,127312570,1020817936,1779401530
919772877,2125624660,1766499956,1874817809,1020817936
1874817809,1173583210,333089619,1868480075
1629908949,333089619,1868480075
1868480075,1968278576,1629908949,1331537969
333089619,1105768793,1629908949,2125624660,919772877
California
39286254,1302377452,1238675029,783823054,1378920571,2121785483,1773166156,1101728143,1764381193,997646886,1583038728,137822946,758155935,1686261112,2010532542,841014849,1501800253,555514103,972076852,1210174480,1943891731,1663929768,1550226869,1140964509,1894903597,786853128,278629070,1271950780
2124210406,1943891731,1446771005,496849574,137822946,97031205,39286254,2098344464,1210174480,1700832301,1140964509,1116002608,32062680,1586229565,134375831,783823054,1543980852,1941859128,1827412066,426012804,1248827913,826937112,1773951449,1238675029,1271950780,2102242748,1475524449
786853128,1919496179,2010532542,1763215182,1210174480,1973593637,972076852,1446771005,32062680,979424574,1543980852,1550226869,1877812053,1827412066,278629070,1586229565,1941859128,1700832301,1894903597,1663929768,997646886,39286254,826937112,1248827913,758155935,1773166156,555514103,229486586,2121785483,2091521985,2102242748,1232378429,846977567,1566744384,2124210406,1302377452,878814627,1238675029,1930266580
1458299363,1302377452,1773951449,1973593637,1773166156,229486586,997646886,1957771323,2133024454,2102242748,1446771005,1101728143,1930266580,2124210406,1824095423,1378920571
1603643749,1458299363,1827804774,1586229565,758155935,2116862600,229486586
1877812053,97031205,1764381193,1116002608,2116862600,1238675029,1188271394,1700832301,1475524449,826937112,252813121,1773951449,1943891731,1957771323,1248827913,433595750,783823054,1492730096,786853128,2133024454,1140964509,2102242748,1420335738,997646886,1543980852,758155935,846977567,1101728143,1894903597,1663103501,2121785483,1930266580,1458299363,979424574,1271950780,1210174480,878814627,1603643749
1957771323,999568976,1804527035,1238675029,1501800253,1586229565